200107101
200107013
200107086
200107053
190107083
190103215
190107028
200107039
200107107
200107062
200107067
200107021
200107134
190103160
200107068
200107048
200107030
190113007
200107026
200107036
190103266
200107118
200107081
200107112
200107031
200107044
200103507
200107060
200107051
200107119
190103159
190103237
200107138
190103145
200107071
200107066
200107014
200107096
200107121
200107080
200107098
200107022
200107057
200107012
190107061
200107103
200107095
200107077
200107111
200107133
200107106
200107091
200107064
190107080
200107005
190103078
200107087
200107009
200107140
200107041
190107048
200107092
200107128
190107093
190103028
200107114
190107009
200107029
200107032
200107046
200107034
200103276
190103008
200103239
200103427
200103319
200103200
200103275
200103377
200103269
200103404
200103054
200103012
200103512
200103062
200103252
200103444
200103002
200103456
200103182
200103023
200103356
200103261
200103535
200103433
200103176
200103218
200103474
200103481
200103187
200103095
200103369
200103158
200103032
200103078
200103248
200103271
200103279
200103020
200103241
200103429
200103100
200103037
200103449
200103469
200103024
200103127
200103342
200103238
200103243
200103137
200103281
200103285
200103192
190103183
200101084
200103117
200103396
200103017
200103234
200103416
200103001
200103212
200103309
200103466
200103211
200103453
200103204
200103303
200103162
200103366
200103253
200103038
200103098
200103035
200103208
200103522
200103210
190103286
200103108
200103332
200103124
200103053
200103109
200103327
200103189
200103353
200103371
200103450
200103116
200103084
200103320
200103085
200107070
200103205
200103513
200103219
200103293
200103036
220113001
200103087
200103288
200103165
200103392
200103517
200103105
200103311
200103298
200103209